ID,Type,Story,Parent,Points,Comments,Author,Title,URL,Content,Created
2021758,comment,2020673,2020810,0,0,iuguy,,,"That's because in many respects Emacs isn't so much an editor as an operating environment. You can do pretty much anything from/in Emacs if you're so inclined. If you know Emacs' lisp well enough you don't ever need to leave. Heck, Emacs can even make Coffee (<a href=""http://www.emacswiki.org/emacs/CoffeeMode"" rel=""nofollow"">http://www.emacswiki.org/emacs/CoffeeMode</a>).<p>To view Emacs as an editor, while technically accurate is not necessarily a fair comparison because it does so much more.",1292770785
2021755,story,,,26,10,miraj,"Apple v Google",http://moreintelligentlife.com/content/ideas/robert-lane-greene/apple-v-google,,1292770781
2021754,comment,2021554,2021724,0,0,lotusleaf1987,,,"I'm so so so tired of people complaining about what is and what isn't HN relevant. Yes maybe the topic is not technology but isn't this something that effects us (Americans mostly) regardless of whether or not it's HN news?<p>I welcome the news because how else would I have the time to find all these articles on my own? I wouldn't, so I actually appreciate that someone posted it here.<p>If you really don't have interest in the article then just don't click it, move along. It seems like you're putting in more effort complaining than it would take to just skip to the next HN news article.",1292770742
2021753,comment,2021547,2021547,0,0,middayc,,,"Just FYI. This tweet triggered my question<p>""YCombinator companies are so amazing to work for that they can't be bothered to tell you who they are in a job posting.""<p><a href=""https://twitter.com/#!/kneath/status/16366870550548480"" rel=""nofollow"">https://twitter.com/#!/kneath/status/16366870550548480</a>",1292770738
2021752,story,,,1,0,MaysonL,"Motion Chart (rebranding of software used by Hans Rosling in his TED Talk)",http://docs.google.com/support/bin/answer.py?hl=en&answer=91610,,1292770683
2021751,comment,2021554,2021554,0,0,rsanheim,,,"""He is prevented from exercising in his cell. If he attempts to do push-ups, sit-ups, or any other form of exercise he will be forced to stop""<p>I think this would be the worst for me, along with the checks every 5 minutes.",1292770651
2021750,comment,2021554,2021727,0,0,Alex3917,,,"That's why I said controlled sensory deprivation. It's a spectrum. Just because it doesn't involve ketamine and float tanks doesn't mean they aren't trying to destroy his brain. First of all there are no indications that he is or has ever been suicidal, so that explanation is laughable. And how exactly is preventing him from doing any exercise supposed to keep him from committing suicide anyway?<p>Even relatively mild sensory deprivation can cause fairly severe depression, as I make the case for here: <a href=""http://news.ycombinator.com/item?id=948637"" rel=""nofollow"">http://news.ycombinator.com/item?id=948637</a><p>And what they are doing to him is way more extreme than what most people with depression are accidentally doing to themselves.",1292770522
2021749,comment,2021554,2021727,0,0,borism,,,"It all varies by person, doesn't it? We can't really know for sure whether that treatment amounts to sensory deprivation or not in his case. What books did he get? What channels is he allowed to watch? Maybe it's only Fox and Life TV? Let's wait until we hear his story, not some dry desctiption of the procedures.",1292770509
2021748,story,,,2,2,luckyisgood,"Company testing Twitter's Promoted Tweets: ""This is going to be powerful""",http://www.mongoosemetrics.com/blog/2010/11/18/top-10-things-we-learned-from-twitters-promoted-tweets/,,1292770502
2021747,comment,2018816,2018977,0,0,eapen,,,"It's either: Advertising, Payment Processing, Freelancers, Online Services, Domains and Hosting or Fulfillment.",1292770498
2021746,comment,2021287,2021737,0,0,rbanffy,,,"Two simple ideas:<p>- VPN-as-a-service: a free-to-download client with access to a secure access point. You download it, install it and pay as you go. It could even stand guard preventing you from joining unsafe networks.<p>- Where-do-you-want-to-pretend-you-are: very useful for geo-restricted services",1292770401
2021745,comment,2021499,2021697,0,0,narag,,,"Time ago, I worked in a project where the customer's boss had a colorful version of the frog boiling story. He said that if you wake up, look yourself in the mirror and see four balls, you're not Superman, but someone is f<i></i>*ing you.<p>I believe the basic error is not recognizing the project as an integration task. There are many systems that fit nicely into some existing mature framework. There are others that require an additional effort to make two pieces of software work together, two pieces of software that weren't meant to play together in the first place.<p>A programmer that's able to do this kind of work needs a very wide knowledge, specific experience and being very stubborn. Outsourcing this work is, now you know, risky. But it's not just that. If you're working now with people in-house, I assume you're seeing that little quirks take more time than functionality development.",1292770267
2021744,story,,,1,0,robg,"Black pearls",http://danariely.com/2010/12/10/black-pearls/,,1292770211
2021740,comment,2020673,2020846,0,0,zacharypinter,,,"Agreed. An extendable (Apple allows JavaScript to be downloaded, right?) text editor for the iPad would be wonderful.",1292770044
2021739,comment,2019672,2020080,0,0,geebee,,,"I had that reaction too... though I suspect that in ""real life"", geek students didn't consider this a revelation, just a good approach.  Anyone who writes anything down in mathy notation in a hollywood movie is a ""genius"", worthy of mysterious background music.",1292769999
2021737,comment,2021287,2021576,0,0,jancona,,,"Of course, most users have never even heard of VPNs. Does anyone offer easy-to-use VPN services to end users? If not, is that a potential business opportunity? (Not that I have a clue on how to make money at it. I can't imagine getting users to pay.)",1292769965
2021736,comment,2021554,2021554,0,0,jwr,,,"While I am in general rather critical of most methods employed by the US in recent years, in this case the situation is quite different.<p>If you sign up for the US military and then as a soldier commit what may very well be seen as an act of treason, you can't really expect great treatment.<p>Mind you, this is very, very different from what goes on in Guantanamo, for which there is no justification.",1292769854
2021735,story,,,41,18,RiderOfGiraffes,"Profit from frontpaging HN and Reddit - what now?",http://yieldthought.com/post/1477902830/37-91-from-frontpaging-hn-and-reddit-what-now/,,1292769835
2021734,comment,2021554,2021695,0,0,iuguy,,,"He's on Prevention of Injury watch in a Supermax prison. I'm not familiar with US rules, but on suicide watch in a high security UK prison you're not usually allowed to exercise. This is partly because there's a risk you may be able to overpower guards, but also because you can injure yourself if you over-exercise.<p>Whatever the reason in Manning's case, it'll be more to do with bureaucratic rules than any particular desire to torture. If they wanted to torture him they'd submit him to the treatment signed off by the Bush administration.",1292769805
2021733,story,,,1,0,admp,"Apple quietly drops iOS jailbreak detection API",http://www.networkworld.com/news/2010/121010-apple-ios-jailbreak.html,,1292769734
2021732,comment,2021287,2021570,0,0,jancona,,,"Isn't part of the problem that the current wifi encryption standards require client authentication in order to get encryption, but don't normally provide any authentication of the AP. In other words, in order to get a WPA2 encrypted connection I have to provide at least a passphrase (which is a barrier in a public setting), yet I have no assurance that I'm connected to a trusted access point, as opposed to a rogue AP.
Maybe what's needed is something more like HTTPS, where by default the client doesn't need to authenticate, but the certificate provides some assurance that you're connected to the correct site.",1292769718
2021731,story,,,6,1,yread,"Dreamliner's woes pile up",http://seattletimes.nwsource.com/html/businesstechnology/2013713745_dreamliner19.html,,1292769715
2021730,comment,2021539,2021680,0,0,gexla,,,"Heysan is another one based on a job posting where they were looking for a CodeIgniter developer in 2007.  They have since been eaten up by another company so I don't know what they have going now.<p>I'm not going to play the PHP bashing game.  PHP is a tool and I'm neutral on tools.  They are in my tool box and I grab the one best suited for the job.  As a professional web developer, sometimes I have the luxury of my own choice, sometimes I don't.<p>Also, I don't see how developing a deployment tool because the existing tools fall short of your needs is an indication of poor language choice.<p>Anyways, all you have to do is a Google search to answer your own question.  I found two in a quick search, I could probably find more.",1292769685
2021729,comment,2020811,2020811,0,0,jasonkester,,,"Look, I know it's Product Blogging 101, but it always amazes me when I see a product blog like this one that has:<p>a.) No description of what the product <i>is</i><p>b.) No direct link to the product website<p>So now, after visiting that site, I know that Wakemates are ready.  But I have no idea what a Wakemate is, and short of manipulating the URL by hand, I have no way to get to a website that will tell me anything about them.<p>Since I'm on an iPad, it's orders of magnitude easier to simply hit the back button and write this comment, before forgetting about whatever this product was forever.",1292769654
2021728,comment,2021542,2021542,0,0,tdoggette,,,"Like hell it won't. Microsoft's approval isn't the only way to get code running on a 360, and the Kinect is wide open. I give it a couple of months before everyone can happily thrust their hips at their televisions and rack up orgasm points.",1292769645
2021727,comment,2021554,2021654,0,0,steve19,,,"I am disappointed your comment is being upvoted. Just because the conditions are terrible, outright and false hyperbole should not be used on the site like HN. We don't need propaganda here.<p>Being in regular contact with people (every 5 minutes), being able to watch TV for hours each day, corresponding via mail and being able to read books means he is not even remotely in the same league as people being tourtoured with <i>real</i> sensory deprivation [2]<p>While the military can do and has done [1] sensory deprivation , this is not it.<p>""Never attribute to malice that which is adequately explained by stupidity."" [0]<p>It sounds to me like they are trying to prevent him from committing suicide. But the prevention is probably doing him a lot of damage.<p>---<p>[0] <a href=""http://en.wikipedia.org/wiki/Hanlon%27s_razor"" rel=""nofollow"">http://en.wikipedia.org/wiki/Hanlon%27s_razor</a><p>[1] <a href=""http://en.wikipedia.org/wiki/File:Jose_Padilla_at_the_Navy_Consolidated_Brig.jpg"" rel=""nofollow"">http://en.wikipedia.org/wiki/File:Jose_Padilla_at_the_Navy_C...</a><p>[2] <a href=""http://en.wikipedia.org/wiki/Sensory_deprivation"" rel=""nofollow"">http://en.wikipedia.org/wiki/Sensory_deprivation</a><p>Edit: formatting.",1292769544
2021726,comment,2021554,2021554,0,0,iuguy,,,"Is this terrible treatment? Yes. Is it inhumane? Possibly. It's important to bear in mind several factors:<p>* PFC Bradley Manning signed up to all of this. He will have been aware of the treatment he should expect in this situation if he was exposed.<p>* He confessed. Innocent until guilty in a military scenario is different to a civilian scenario. Given that he's confessed guilt, there's little to defend.<p>* This is a military case, not a civilian one. Things are different. You might not agree with the way he's treated but there are specific rules and those rules are in place for a reason.",1292769543
2021725,comment,2020631,2021301,0,0,biot,,,"The closing account fee could easily have been negotiated into the arrangement, but even still it's completely separate.  What I find stunning is that he also wrote a $60 check for the 2% interest on the $95,000.",1292769498
2021724,comment,2021554,2021554,0,0,iuguy,,,"I can't help but feel that while the treatment is severe and terrible that this isn't an appropriate post for Hacker News. This type of thing is a shining example of something that belongs on Reddit, where there's greater exposure and it's more on-topic. Is it interesting, yes (to some, although I'm sure there's plenty that could say not on hacker news as it's tied to wikileaks).<p>I would say that while the treatment of him is terrible, it meets the off-topic criteria (crime, politics, TV news). I'm posting this separately to my engagement in the discussion.",1292769383
2021723,comment,2021547,2021548,0,0,nir,,,"Few webapp concepts can't be reimplemented in a short amount of time. Seems to me often the key is in user base and quality of execution (tech & non-tech) which stealth doesn't really help with.<p>Of course startup founders can think differently and may be right, I just think the support for this in the community is amusing in light of the ""radical transparency"" chic we're all into now - do YC startups have more important/valid secrets than the US government?",1292769380
2021722,comment,2021547,2021693,0,0,jacquesm,,,"> If that was the reason then why are they telling the positions they're hiring for?<p>I've yet to see a job posting that did not have that bit of information in it. Sort of helps when you let your prospective hires know what you're looking for ;)",1292769339
2021720,comment,2021554,2021604,0,0,pmr_,,,"This makes me think the most. The restrictions seem a good reason to actually commit suicide or any other form of harm to yourself just to keep yourself occupied or to end the current state a subject is in.<p>So the feedback of the rule would actually be that it causes the thing it was meant to prevent. Are those restrictions common and is there any research that ratifies them?",1292769106
2021719,comment,2014054,2016115,0,0,elementz3000,,,"ok, so did anyone manage to get either the curl or the wget method working?<p>`curl <a href=""https://user:passwd@api.del.icio.us/v1/posts/recent`"" rel=""nofollow"">https://user:passwd@api.del.icio.us/v1/posts/recent`</a> works just fine.<p>`curl <a href=""https://user:passwd@api.del.icio.us/v1/posts/all`"" rel=""nofollow"">https://user:passwd@api.del.icio.us/v1/posts/all`</a> does not.<p>Maybe a server-side problem?",1292769100
2021717,comment,2021454,2021575,0,0,user24,,,"Yahoo were aware of the leak at most 45 minutes after it leaked. Damage control wasn't deployed until a day later. This is their fault. They could have nipped this in the bud by getting a decent blog post out within an hour, and contacting any news outlets who'd already run with the story.",1292769052
2021716,comment,2021554,2021707,0,0,Confusion,,,"They are not waking him every 5 minutes: that only happens during the day. At night he is awakened under some circumstances, but whether that constitutes sleep deprivation depends on how often it happens and there is no report on that.",1292769033
2021715,comment,2020815,2021083,0,0,dchelimsky,,,"RSpec 2 introduced an eq matcher so you can do this warning free:<p><pre><code>    i.porkchop_sandwiches.count.should eq(1).
</code></pre>
Then for object identity you can still use be:<p><pre><code>    i.porkchop_sandwiches.first.should be(my_sandwich)
</code></pre>
This is actually more in line with the original RSpec, which had should_equal and should_be, and I prefer it because you eliminate the warning, and (I think that) ""1.should eq(1)"" actually speaks better than ""1.should == 1"" for someone familiar with ruby but new to RSpec.",1292769009
2021714,comment,2021554,2021689,0,0,ugh,,,"The grandparent doesn’t express any personal belief about the veracity of Manning’s confession.<p>Her or his last sentence is the important one: “<i>People</i> feel that ‘innocent until proved guilty’ is not really an issue because of those two things (i.e. because Manning confessed and is in the military) and arguing against that feeling (i.e. the feeling of people that Manning is guilty) is a colossal waste of time, when what you actually want is to convince people that Manning shouldn't be treated like he currently is, period.” (Emphasis and annotations in brackets mine.)",1292768950
2021713,comment,2021675,2021675,0,0,jacquesm,,,"It all depends... 'dark' patterns are used a lot by gambling sites for instance, they don't care how they get to the customer, as long as they get to them.<p>So they'll pay to dollar for really bad stuff such as site take-overs, pop-unders and so on. All the stuff we hate. But it works wonders for them, they have the figures to prove it.<p>Once you cross over in to things like gambling then the additional penalty of using a 'dark' pattern seems a minor one.<p>It's a line that you can set for yourself and decide to not cross and play nice, or if you are very money motivated you can explicitly decide to cross it.<p>But once you do, what's next? The lines between 'nice' and 'not so nice' are pretty vague, but the one between 'legal' and 'not legal' is a much clearer one and I fear that people that no longer distinguish between 'nice' and 'not so nice' will eventually be unable to distinguish between 'legal' and 'illegal'.<p>It all seems to be related to a sense of entitlement, and the people that I see practicing 'dark' patterns to further their business interests all suffer from this to a greater or lesser extent.<p>If you look at how people like Bill Gates and others made huge fortunes on the back of business practices that are not exactly ethical are perceived you could easily fall i nto the perception that as long as you make enough money you'll be forgiven, but that should not be the whole story.",1292768934
2021712,story,,,2,0,J3L2404,"Apogee and Atrophy: Lessons From the Past for Today's Tech Titans",http://www.theatlantic.com/technology/archive/2010/12/apogee-and-atrophy-lessons-from-the-past-for-todays-tech-titans/68250/,,1292768925
2021711,story,,,2,0,billswift,"Discipline: Be The Machine",http://coderoom.wordpress.com/2010/08/04/discipline-be-the-machine/,,1292768900
2021710,comment,2020811,2021059,0,0,garbowza,,,"I add tags before I go to bed. Based on these, my sleep score is highest when I go to bed stressed, tired (duh), have a snack in the evening, or sleep in a hotel. It's lowest when I go to bed early, fall asleep hungry, or go to bed with my wife (huh?)",1292768867
2021709,comment,2021554,2021554,0,0,jeffreyrusso,,,"Glen Greenwald's salon.com piece on this is also a worthy read; it discusses the irreversible physical harm to the brain these conditions have probably already caused Manning. They also have him on a steady dose of antidepressants... All this makes me sick to hear about.",1292768838
2021708,comment,2020815,2020815,0,0,ericb,,,"I am in the process of rewriting hundreds of rspec tests to work with rspec 2/rspec rails for rails 3. This is killing my ""TDD saves time"" argument and it is really all the fault of rspec. Rails 3 requires Rspec 2, which has syntax tweaks that seem largely masturbatory. Now I have 183 failing tests, and no confidence whether it is rails changes I need to make, or updates to test syntax that are needed. Essentially I now have a parallel app to maintain and upgrade (the tests) and with test::unit which is <i>stable</i> I would come out much farther ahead effort-wise as I would get the benefit of the tests, without large maintanence cost for the tests.<p>In summary, Rspec is on a high horse and thinks I should maintain it like it was another app.<p>edit: And now I'm wondering if I need a test suite for my test suite. TDD Turtles, all the way down...",1292768829
2021707,comment,2021554,2021659,0,0,mwg66,,,"Isn't interrupted sleep (arguably sleep deprivation) a questionable a form of torture?",1292768669
2021706,comment,2020815,2021083,0,0,sleight42,,,"I've got to buy you a beer one of these days.",1292768599
2021705,comment,2021554,2021689,0,0,yardie,,,"I would also add bragging. People claim to be pimps, drug dealers, and tax cheats for some reason. Then you get the ones that brag about acquaintance rape.<p>People say all types of things for seriously strange reasons.",1292768583
2021703,comment,2021547,2021669,0,0,swombat,,,"Actually, if I wasn't busy and on another continent, I would apply based on this ad. I don't think it's a bad strategy at all, given the cachet of YC. Also, it's likely that they are doing other things too to look for great hires, not just this HN posting.<p>Edit: Not trying to imply that I am a ""great programmer""... just providing a data counterpoint that they will probably get people who have other options too applying to this to at least check it out.",1292768522
2021702,comment,2021554,2021554,0,0,philwelch,,,"Most of this is fairly standard solitary confinement/suicide watch procedures, frankly. There are thousands of prisoners receiving comparable treatment who are not part of some politically trendy Wikileaks controversy. If you find any of this outrageous, don't think Bradley Manning is a special case in the slightest.",1292768510
2021701,comment,2021554,2021695,0,0,JanezStupar,,,"Its a subtle form of torture... I have heard/read that to keep oneself sane in a solitary you have to occupy yourself - and not go into internal monologues, because they <i>will</i> drive you mad. So the best form of occupation is exercise - pacing the cell (however small it is), meditation (keeping your mind void), etc...<p>So they are effectively preventing him from clinging to his sanity. Make no mistake - solitary confinement is meant to drive you mad, thats all there is to it.",1292768487
2021700,comment,2021483,2021532,0,0,rick_2047,,,"<i>Also, you learn about memory management and device constraints.</i><p>Didn't know that a tablet platform will have device constrain with so much processing power at hand. Will someone enlighten me about the amount of low level stuff (memory management and thinking about rams and disk space and the likes) goes into writing software for iPad or even an android and iPhone.",1292768462
2021699,comment,2021554,2021554,0,0,spindritf,,,"There's one thing I don't understand -- why he isn't allowed to exercise. I thought that would actually be required from a soldier.",1292768405
2021698,comment,2021622,2021622,0,0,CallMeV,,,"A magnificent explanation.",1292768247
2021697,comment,2021499,2021560,0,0,spif,,,"I thought about mentioning that it's debatable whether or not it's an urban legend but decided the analogy would hold in anycase.<p>If you can stomach frog torture then here's some more background: <a href=""http://en.wikipedia.org/wiki/Boiling_frog"" rel=""nofollow"">http://en.wikipedia.org/wiki/Boiling_frog</a>",1292768205
2021696,comment,2020928,2020928,0,0,mrleinad,,,"Came in for the coding. Left it open for the music (although I peek now and then, but since it's so low-res that I can't actually read any code, there's almost no point in doing that)",1292768150
2021695,comment,2021554,2021554,0,0,bhickey,,,"What's the rationale for prohibiting exercise in his cell? Manning hasn't been convicted, so now isn't the time for punitive measures.",1292768131
2021694,comment,2021552,2021690,0,0,brown9-2,,,"He doesn't need to have a revolutionary improvement to make his point. The point is that reliance on ""dark patterns"" or thinking that they are a necessity is a sign of lack of innovation. You can't assume that no other solution exists just because you've failed to come up with one.",1292768118
2021693,comment,2021547,2021548,0,0,moe,,,"If that was the reason then why <i>are</i> they telling the positions they're hiring for?<p>The only thing that they're not telling is their identity, which should be fairly easy for a curious competitor to google - or to social engineer by e-mail.",1292767975
2021691,story,,,4,1,agconway,"How the Facebook social graph map was made in R",http://paulbutler.org/archives/visualizing-facebook-friends/,,1292767887
2021690,comment,2021552,2021671,0,0,swombat,,,"Google didn't win because of their lack of popups, they won because of their massively superior search engine and revolutionary advertising business model.<p>What's your revolutionary improvement in the domain name registrar market?",1292767873
2021689,comment,2021554,2021666,0,0,arethuza,,,"While I can't comment on the details of this case, it is perhaps worth noting that lots of people confess to crimes they didn't commit for a variety of reasons including coercion and/or mental illness.",1292767857
2021688,story,,,47,5,J3L2404,"Proofs without words",http://mathoverflow.net/questions/8846/proofs-without-words,,1292767837
2021687,comment,2021321,2021321,0,0,arvinjoar,,,"'I created an ordering based on the length of the lines, so that longer lines were drawn “behind” the shorter, more local lines. Then I used colorRampPalette() to generate a 
color palette from black to blue to white, and colored the lines according to order they were drawn.'<p>If I am understanding this correctly (I'm probably not), longer lines would never be as bright as short lines. Why? Let's say hypothetically, that all Bostonians had at least 10 friends in Madrid, then wouldn't we want to see that as a white line on the chart? Please correct me if I am wrong.",1292767767
2021685,comment,2021287,2021399,0,0,drdaeman,,,"Too bad all of those attacks have nothing to do with 802.11 and, given the necessity and equipment, can be carried out with almost any connection medium. Public WiFi is just more popular and easier target.<p>Just don't think your colleague (who hates you) or nearest BOFH at the job, technically can't stealthly plug out your cable while you're out, hook up his router performing a MitM attack, and have his fun and profit. Yeah, that's childish, much less probable, and incomparably more risky than just sitting with laptop at cafe, but the point is that every one of said attacks can still be carried out.<p>Just because the whole world's relying on the obscurity as a primary security measure.",1292767627
2021684,comment,2021484,2021484,0,0,mrspeaker,,,"Why is this called a ""paper""? (the title, and one of the first commenters use the term) Does paper just mean ""blog post with some notes formated like citations""?",1292767617
2021683,comment,2016136,2021452,0,0,jules,,,"Comparing the total deaths caused by two different activities is nonsensical. A comparison that makes sense is deaths caused per minute of the activity.<p>Whether cycling is safe depends on whether you live in a cyclist friendly or cyclist hostile country. It is also known that the health benefits of cycling outweigh the risks in expected life span: <a href=""http://ehp03.niehs.nih.gov/article/info:doi/10.1289/ehp.0901747"" rel=""nofollow"">http://ehp03.niehs.nih.gov/article/info:doi/10.1289/ehp.0901...</a><p>In the Netherlands there are about 1.6 deaths per 100 million kilometers cycled (that number in the US is about 10x as large). If we generously assume an average velocity of 20 km/h, that's 3*10^6 hours of cycling giving on average 1 death. The human life span is about 10^6 hours. So even if you cycled day and night for your entire life, the probability of dying in a cycling accident would be about 30%. And note that only tourists wear helmets in the Netherlands, wearing a helmet is not worth the additional safety.<p>But really the important point is that when you're cycling you are taking the risk. Cyclists cause much fewer other deaths per km than drivers. When you let your pitbull play with a kid, other people are taking the risk.<p>> I expect people here to be open towards other people pointing out their different POV<p>I am open to other people's point of view, but when I find out that all the evidence is completely contrary to their point of view, like that pitbulls are not more dangerous than other dogs, then I decide that perhaps their POV is wrong. Note that I'm not saying that dogs are dangerous. I'm just saying that pitbulls are more dangerous than other dogs.",1292767563
2021682,comment,2020928,2021077,0,0,citricsquid,,,"Notch is in Sweden (GMT + 1) and your comment was made while he was fast asleep. He codes most of the day his time, which is most of the night for America. You're seeing a loop because he's asleep -- well he was when you were commenting.",1292767451
2021681,comment,2021554,2021659,0,0,mattmanser,,,"It <i>may</i> not be? Yeah, dream on.",1292767401
2021680,comment,2021539,2021640,0,0,eurohacker,,,"anything else ?<p>Facebook also hired some PHP founders to ""get rid of PHP by using PHP"" , eventually some new compiler was developed,<p>was that the reason they hired Lerdorf - too late to chage the language and to to minimize the damage that comes from being a PHP-based startup ?
Seems like this could be true - because as you mentioned:<p>""Rasmus Lerdorf released a deployment tool he developed there written in PHP because Capistrano couldn't do everything he needed.""",1292767335
2021679,story,,,1,0,J3L2404,"Markets in Everything: Private Car Network",http://mjperry.blogspot.com/2010/12/markets-in-everything-private-car.html,,1292767238
2021678,story,,,5,0,SnootyMonkey,"Always Be Building Your Own Products",http://blog.snootymonkey.com/post/2373482505/always-be-building-your-own-products,,1292767229
