ID,Type,Story,Parent,Points,Comments,Author,Title,URL,Content,Created
9481299,comment,9476958,9479720,0,0,kobilutil,,,"I mean - NO it is not compressed. It is just a statically linked exe.<p>Sorry for the possible confusion.",1430661597
9481297,comment,9479214,9480728,0,0,madez,,,"People choose standards, not platforms. Some use just platform-specific standards, others use cross-platform standards. Rust doesn&#x27;t need a platform, it needs support for cross-platform standards.<p>This platform advocacy comes from what business needs (ability to extort money by gatekeeping), not what&#x27;s technically sensible nor useful for the people.",1430661549
9481296,comment,9481074,9481249,0,0,mikro2nd,,,"1998?... More like the twilight days when Cobol still ruled the land and we thought (feared) that it would never die. Fortunes were being made consulting on the Y2K bug and patching the dodgy Cobol systems responsible.<p>I do agree, though that OO was treated with suspicion and hostility. Only a tiny number of (us) mavericks were brave enough (or foolish enough) to propose using what our management saw as a &quot;newfangled and risky&quot; proposition.<p>Let&#x27;s not even mention mucking about with Extreme Programming. ;)",1430661498
9481295,comment,9481074,9481185,0,0,parasubvert,,,"The art of the meta object protocol was good, it basically was a well-written code commentary for how to build an advanced OO meta system (CLOS) for LISP.  CLOS was a bit of a dream language, I&#x27;d say Scala is perhaps the closest practical language in terms of ideas.<p>Interestingly, this work led Gregor Kiczales & team to create Aspect Oriented Programming - a subset of his metasystem - which became somewhat popular with Java and the Spring framework&#x27;s use of AspectJ.<p><a href=""http://en.m.wikipedia.org/wiki/Aspect-oriented_programming"" rel=""nofollow"">http://en.m.wikipedia.org/wiki/Aspect-oriented_programming</a><p>As an aside, I found in college (let along high school!) that students have almost anti-philosophical learning objectives.  The SICP approach of teaching computer science from the metasystem up with Scheme (and then possibly moving on to CLOS/Lisp) was near-universally hated among my peers (1996-2002) - most wanted a practical language they could &quot;get a job&quot; with.  I believe MIT first year CS switched to Python in part to deal with this resistance.",1430661442
9481294,comment,9480325,9481177,0,0,jacquesm,,,"Sites don&#x27;t worry, people do and plenty of sites are divorced from the people that created them. In the interest of keeping that information accessible the onus is first and foremost on the makers of the consumption devices and associated browsers to render that content as accurately as possible. Regressions (where content that rendered just fine on previous generation devices but where future devices for whatever reason fail to display this content) should be avoided where possible.<p>Note that in the case of content such as &#x27;flash&#x27;, &#x27;silverlight&#x27; and other plug-in related content this is going to be a major problem.<p>Finally, in the interest of commerce and user experience website owners are free to improve their sites to enhance the experience for their users <i>but</i> they should not be required to get basic functionality working.",1430661360
9481293,comment,9481017,9481261,0,0,w1ntermute,,,"> two office-overnighters who inevitably found about one another<p>That sounds like it could be the basis of a rom-com screenplay.",1430661358
9481292,comment,9481043,9481251,0,0,alykhalid,,,"It is Spartan, the official name for project spartan is now Microsoft Edge.",1430661354
9481291,comment,9480562,9481271,0,0,falcolas,,,"Lots of those already exist. There also exists a need for getting a deeper understanding of the Make tool and its capabilities, and I&#x27;m glad that this is trying to fill that void.",1430661345
9481290,comment,9479275,9479275,0,0,Thiz,,,"I hope never.<p>It&#x27;s like amerindians wanting to find spaniards.",1430661323
9481289,story,,,1,0,alexcasalboni,"Why are we obsessed with robots?",http://www.washingtonpost.com/lifestyle/style/why-are-we-obsessed-with-robots/2015/04/30/d34ae1c8-eaa7-11e4-9767-6276fc9b0ada_story.html,,1430661320
9481288,comment,9481043,9481043,0,0,Mahn,,,"Anyone else noticed the favicon? Looks like the settled for an &quot;e&quot; for it&#x27;s icon.",1430661285
9481287,comment,9480674,9480674,0,0,ant6n,,,"I&#x27;d like to read their employee handbook.",1430661283
9481286,comment,9481043,9481043,0,0,mtarnovan,,,"Does this work on Windows <10 ?",1430661278
9481285,comment,9480326,9480614,0,0,econone,,,"Yes. Find a service that exports your kindle library and prints them on a large bookshelf sized poster.",1430661273
9481284,comment,9481043,9481260,0,0,icebraining,,,"A clean engine is Servo. This just sounds like cleaning up the codebase.",1430661271
9481283,comment,9481026,9481026,0,0,slazaro,,,"Unsurprisingly, the Swiss passport is the one with the most interesting and visually pleasing design.",1430661269
9481282,comment,9480390,9480864,0,0,peatmoss,,,"As an urban planner (well, PhD student now), the utility of electric bikes strikes me as obscenely high. We know that the vast majority of urban trips are < 3 miles--with a goodly portion under 1. Yet, so many people make these trips by car. A bike is very much more efficient, and often much faster if there is any congestion.<p>Electric bikes remove one major barrier people have, namely the arrive sweaty after a hill climb factor. I hear other bicyclists claim that this is less karmic because of exercise, but I view it differently. We know that, controlling for type of infrastructure, the prevalence of bicycling is strongly correlated with improved safety. The plausible explanation I subscribe to is that, with increased numbers, drivers are more accustomed to looking for bicyclists, and that bicyclists are better able to establish good group norms about how to ride safely. And of course increased numbers also mean that there is more political will to add more bicycling infrastructure, which in turn generates more bicycling. Electric assist bikes help with all aspects of this, with the exception of getting the maximum amount of exercise on every trip.<p>I&#x27;d love to see a business model that figures out how to 1. create a desirable electric bike brand 2. Have a low-barrier-to-entry rental or lease mode 3. Handles maintenance in a frictionless, reassuring way--perhaps with roadside emergency support 4. Has great on boarding for how to ride safely and confidently, perhaps coordinating with local bike clubs for instruction and personalized route planning.",1430661261
9481281,comment,9480185,9480549,0,0,ikeboy,,,"There have been large settlements in the past that turned out to be false. They want a high number for shock value, but nobody&#x27;s actually paying it. (There was something to that effect in the sony docs iirc.) See: Hotfile, Isohunt, etc.",1430661255
9481280,story,,,1,0,alexcasalboni,"Skype vulnerable to “Redirect to SMB”",https://stackoff.ru/pochemu-reklama-v-skajpe-ne-tolko-urodliva-no-eshhe-i-opasna/,,1430661243
9481279,comment,9462967,9465267,0,0,ToomSan,,,"Doyou have any other fun multiplayer games?",1430661233
9481278,comment,9481043,9481138,0,0,mpalme,,,"It&#x27;s in development according to <a href=""https://status.modern.ie/webrtcobjectrtcapi?term=webrt"" rel=""nofollow"">https://status.modern.ie/webrtcobjectrtcapi?term=webrt</a>",1430661226
9481277,comment,9481043,9481244,0,0,manojlds,,,"> This is stuff that a single engineer could easily implement in a couple weeks.<p>Just because it can be done by 1 person, doesn&#x27;t mean there are resources to do so. How many other one person for couple of weeks features are there, you think?",1430661223
9481276,comment,9479275,9479275,0,0,coldcode,,,"Tomorrow is as good an estimate as any.<p>Seriously from earth we are only likely to find aliens at the same or slightly ahead of our own technology. If one visits us first it might come sooner. If the aliens are far ahead of us we may never even notice them. It&#x27;s like dumping Newton in a modern corn field and telling him he is surrounded by people communicating. He would have no idea about cell phone, microwave and other transmissions. Take technology from 300 years in the future in an alien today and we might be equally clueless.",1430661215
9481275,comment,9480304,9481071,0,0,liadmat,,,"Automata and Computability (Kozen)",1430661183
9481274,comment,9479668,9480571,0,0,anupshinde,,,"I watched this amazing 3 hour long video/info on ADHD shared by nickysielicki in this thread below.<p><a href=""https://www.youtube.com/watch?v=SCAGc-rkIfo"" rel=""nofollow"">https://www.youtube.com/watch?v=SCAGc-rkIfo</a><p>After viewing this video, it seems like many people diagnosed for ADHD could be in the CDD/SCT like. This distinction was not made few years back. In fact ADHD sounds seriously scary after looking at this video.",1430661183
9481273,comment,9480976,9480976,0,0,xorcist,,,"What languages Internet users in general speak is not relevant unless you are Google. That&#x27;s like saying 90% of those who have a phone don&#x27;t speak English, so if you answer the phone you have to cater to them too.<p>You should care about your customers first, and potential customers second. Unless you actually offer your services, can give support in the language in question, and will take payments from the users, there is really no use translating your web pages.<p>More importantly, and I will say this in the nicest possible way: Never ever publish anything that has been automatically translated. Never. Don&#x27;t even think about it.<p>You don&#x27;t know the number of times I&#x27;ve had to re-run the translation backwards to English just to guess what the original intention was... and I speak a western language closely related to English. Botching someone&#x27;s language does not gain you a user.",1430661173
9481272,comment,9481043,9481148,0,0,Mahn,,,"These stories aren&#x27;t in the front page because it&#x27;s Microsoft, but because they are interesting. Microsoft is just doing consistently interesting things lately.",1430661153
9481271,comment,9480562,9481060,0,0,delinka,,,"So that I <i>can</i> learn it. Everyone&#x27;s gotta start somewhere. Not everyone learns the same way. Some people want a beginning book on a topic.",1430661133
9481270,comment,9480528,9480731,0,0,supercoder,,,"For games this approach can make a lot of sense, for other types of apps that make heavy use of UIKit it&#x27;s certainly worth considering if it&#x27;s the best approach.",1430661121
9481269,comment,9480528,9481192,0,0,FreakyT,,,"Source? I didn&#x27;t think they had released any example screenshots of &quot;converted&quot; apps yet.",1430661104
9481268,comment,9480866,9480866,0,0,davismwfl,,,"I don&#x27;t ask many of these anymore but even when I do and have in the past it is never to humiliate anyone.  To that point I don&#x27;t even care if they give the right answer, what I want someone to do is talk out how they&#x27;d figure it out.<p>So at least in my opinion it is about seeing how you think not whether you can solve some complex problem in 5 minutes.  This is also why I have changed how I ask and what I ask. I&#x27;ve moved to telling people up front that I don&#x27;t care if they get the right answer, I just want them to show me their thought process and how they would go about solving it.  And I will also participate and provide feedback and talk through it with you like we would as team members. This way we can see how good or bad we might work together.",1430661100
9481265,comment,9481043,9481251,0,0,MLR,,,"Project Spartan was the codename for the project, Edge is the official name, it will be changed over in an upcoming preview build I imagine.",1430661062
9481263,comment,9480976,9481111,0,0,laurentsabbah,,,"Not sure why you say this is dead wrong? It just stresses that focusing on only language is leaving a lot of opportunity on the table.<p>Of course, make sure you have a business in your primary customers&#x27; language, I agree!",1430661042
9481262,comment,9473305,9474946,0,0,ironchef,,,"That information is definitely not public, so he&#x27;s just guessing.  One could look at some of a16z&#x27;s hits and show they have done well at least in some cases.  50 mil into skype which they made into an estimated 150 - 170.  They were one of nicira&#x27;s biggest backers who sold to vmware for north of a billion.  They were investors in Facebook, etc.",1430661033
9481261,comment,9481017,9481017,0,0,rafaelnonato,,,"I wonder what would happen if this form of housing became more popular. Maybe soon we&#x27;ll be reading accounts about two office-overnighters who inevitably found about one another.",1430660999
9481260,comment,9481043,9481245,0,0,manigandham,,,"At the risk of getting pedantic... they basically deleted the majority of it.<p>>> In the coming months, swathes of IE legacy were deleted from the new engine. Gone were document modes. Removed was the subsystem responsible for emulating IE8 layout quirks. VBScript eliminated. Remnants like attachEvent, X-UA-Compatible, currentStyle were all purged from the new engine. The codebase looks little like Trident anymore (far more diverged already than even Blink is from WebKit). What remained was a clean slate.<p>At this point, they kept basic stuff any rendering engine would do but it&#x27;s as clean a start as you can get.",1430660993
9481259,comment,9481043,9481246,0,0,icebraining,,,"&quot;All the new things&quot; You mean, flooding the market without a proper direction? :)<p>As for open sourcing, I don&#x27;t see how that invalidates any of the points. None of them had &quot;keeping platforms proprietary&quot;.",1430660973
9481258,story,,,4,0,gits1225,"The funniest TED Talks",http://www.ted.com/playlists/235/the_funniest_ted_talks,,1430660964
9481257,comment,9480988,9480988,0,0,tomjen3,,,"Not unlike that hideos website design.",1430660961
9481256,comment,9481034,9481061,0,0,cocobolo,,,"@diggan, hello. Apologies for the english. I&#x27;m not sure what you mean by &quot;sharing data between them&quot;. What I really meant was survey whose results are accessible to everyone, I understand that some surveys like HR surveys are meant to be private, but for many other people would like to know what other people have answered in certain surveys like market research.<p>I have not even begun sketching this project yet, but I would have to consider both options for the kind of path this project would take.<p>Since you work at Typeform, I would like to ask a few questions(If you are willing). I&#x27;m not a heavy typeform user so some points might not be relevant.<p>I understand that Typeform is mostly centered towards the UX, but could it be beneficial to add feature for a markdown like syntax as an alternative to WYSIWYG, partly because I&#x27;m a power user and otherwise the interface is too laggy.<p>As far as reporting/analytics goes, Typeform is not very useful. I would love to see something like cross-tabs where you can cross multiple metrics to derive data. Yes writing a generic solution would be hard for this problem I think! it would be great to see something like this. As otherwise it is difficult to derive answers for questions like, what is the % of people who like trekking and would love to go to the moon?<p>This would be another benefit of using textual syntax, as users can point out with the DSL what metrics can be crossed and what cannot be.<p>This is just my feedback!
I have a some other points, I would be happy to answer any queries you have and would love to hear what you have to say.<p>Have a great day.",1430660954
9481255,comment,9481043,9481165,0,0,agumonkey,,,"I wouldn&#x27;t underestimate the power of time. Maybe at the time the web wasn&#x27;t about information as much as today. Maybe MS implementation will be smoother and more integrated. Maybe people minds have changed. So many things died in the past only to be reincarnated slightly differently now they can but seen under the right light.",1430660896
9481254,comment,9481043,9481193,0,0,delinka,,,"Assuming you&#x27;re making annotations for yourself, the copy of the annotated page in your cache is referenced, and bookmarks for where you annotated are stored in some other local file.<p>If they&#x27;re sharing all annotations with other users of the browser, the bookmarks get stored on Microsoft servers and reference, perhaps, a digest of the annotated page.<p>No copyright infringement required.",1430660876
9481253,comment,9481017,9481139,0,0,ebiester,,,"The compromise is losing 2 hours a day in your car. This is why I didn&#x27;t take the job in LA.",1430660849
9481252,comment,9481043,9481243,0,0,icebraining,,,"What do you mean? They simply add a layer of annotations over the site&#x27;s HTML. You don&#x27;t need to copy the website to do that.",1430660843
9481251,comment,9481043,9481043,0,0,Fastidious,,,"Anyone knows how this relates to &quot;Spartan?&quot; I have Windows 10 preview installed, subscribed to &quot;fast&quot; (nighties) and Spartan looks like Edge.",1430660832
9481250,comment,9479214,9481234,0,0,Manishearth,,,">  If you change your internal software structure and the data is stored in another way or you choose the make your library concurrent internally where different parts could mutate the vector while the user might request the same data in parallel then returning the slice would no longer be possible<p>In that case you wouldn&#x27;t <i>want</i> to return a slice, because it would be dangerous. The compiler would prevent you from invalidating an API use case. I don&#x27;t see a problem here.",1430660821
9481249,comment,9481074,9481074,0,0,parasubvert,,,"I remember this being posted in 1998, as people were debating the surge of Java relative to C++ or Smalltalk.<p>These were the twilight days where C and assembly were the only language Real Programmers used, Perl and Tcl or any scripting/interpreted language were considered toys for sysops and never meant for production, OO was treated with deep suspicion, and functional languages were considered crazy talk.  I remember people in my company saying a particular C++ replacement program my colleague wrote was &quot;too OO&quot; and would execute 10x slower than required (when it was 2x faster than the legacy).<p>Point is, a lot of what Kay says is obvious now, but it wasn&#x27;t in the 90s, and it REALLY wasn&#x27;t in the 70s.<p>One sees new things every time one reads this.  For example, Kay comes out as a supporter (of sorts) to functional programming principles by calling assignments (mutable state) a metalevel change.",1430660821
9481248,comment,9473481,9479563,0,0,mkishi,,,"Just some very unscientific tests: loaded a few sites on both Servo and Chrome and compared the effects of resizing their windows. For instance, the frame rate looked about the same on Wikipedia, but Servo struggled on Reddit.<p>Is Servo running on Windows? The comparison could be more precise on my 120hz Windows box.",1430660772
9481247,comment,9481043,9481043,0,0,Coding_Cat,,,"Alternative link:<a href=""http://www.browserfordong.com/"" rel=""nofollow"">http://www.browserfordong.com/</a><p>Oddly enough, running a whois on the above returns a different company/person then microsoft. I suppose Microsoft paid them to forward this, or they&#x27;re much nicer people then I am... Missed opportunity for a prank.",1430660759
9481246,comment,9481043,9481202,0,0,vladiliescu,,,"Really? With all the new things coming out of Redmond and with them open sourcing the full server side .NET stack[1], the description above still sounds like MS to you?<p>[1] <a href=""https://news.ycombinator.com/item?id=8595905"" rel=""nofollow"">https://news.ycombinator.com/item?id=8595905</a>",1430660755
9481245,comment,9481043,9481231,0,0,icebraining,,,"No, it&#x27;s not completely new from scratch:<p><i>So we set about to create a new engine using IE11’s standards support as a baseline. I watched Justin Rogers, one of our engineers, press “Enter” on the commit that forked the engine—it took almost 45 minutes just to process it (just committing the changes, not building!).</i><p><a href=""http://www.smashingmagazine.com/2015/01/26/inside-microsofts-new-rendering-engine-project-spartan/"" rel=""nofollow"">http://www.smashingmagazine.com/2015/01/26/inside-microsofts...</a>",1430660738
9481244,comment,9481043,9481043,0,0,streptomycin,,,"Hm, nice hype. But what about standards support? For instance, IE since IE10 has been missing some parts of the IndexedDB API. Last I heard, they weren&#x27;t planning to fix it any time soon <a href=""https://twitter.com/IEDevChat/status/533338659555008512"" rel=""nofollow"">https://twitter.com/IEDevChat/status/533338659555008512</a><p>This is stuff that a single engineer could easily implement in a couple weeks. Firefox and Chrome have open source implementations and open source unit tests (the W3C has open unit tests too), which makes things even easier. Guess it&#x27;s too much to ask of a company with the meager resources of MS, though...",1430660692
9481243,comment,9481043,9481200,0,0,klunger,,,"I don&#x27;t understand why the original comment is getting downvoted.<p>How can they implement this without copying the website in some form? It would constitute basic copyright infringement.",1430660688
9481242,story,,,2,0,reitanqild,"Flame Warriors Home",http://www.flamewarriorsguide.com/,,1430660679
9481241,comment,9481043,9481222,0,0,MLR,,,"It&#x27;s going to be a Windows store application, so yes.",1430660657
9481240,comment,9479834,9480955,0,0,Retr0spectrum,,,"Its quite simple. The &quot;$&quot; and &quot;;&quot; are used in groups of three to signify other characters.<p><pre><code>    &quot;$$$&quot; = &quot;[&quot;
    &quot;$$;&quot; = &quot;]&quot;
    &quot;$;$&quot; = &quot;(&quot;
    &quot;$;;&quot; = &quot;)&quot;
    &quot;;$$&quot; = &quot;+&quot;
    &quot;;$;&quot; = &quot;!&quot;</code></pre>",1430660632
9481239,comment,9480185,9480957,0,0,bsbechtel,,,"How good was their business model? They survived for 10 years, including financing what I&#x27;m sure were expensive legal battles, but how much of that was from revenue and how much from equity/debt financing?",1430660629
9481238,comment,9480379,9480426,0,0,gus_massa,,,"One of the links in the post is very interesting, and was submitted two weeks ago: &quot;Competing in a data science contest without reading the data&quot; <a href=""https://news.ycombinator.com/item?id=9395287"" rel=""nofollow"">https://news.ycombinator.com/item?id=9395287</a> (35 points, 15 days ago, 4 comments)",1430660627
9481237,comment,9480991,9480991,0,0,reitanqild,,,"Older study with classifications <a href=""http://www.flamewarriorsguide.com/"" rel=""nofollow"">http://www.flamewarriorsguide.com/</a>",1430660626
9481236,comment,9479303,9479453,0,0,dragontamer,,,">  What about &#x27;privatizing&#x27; a police force, with the correct incentives (not perverse incentives, as we see in the correctional sector)? I can see the bad aspects of this, as well the good ones.<p>Privatizing the prison force has led to an influx of prisoners, as well as for-profit wardens colluding with judges to increase the prisoner count (ie: profits) for their prison.<p>Privatizing colleges into for-profit colleges led to rampant abuse of education loans, rampant lies from recruiters, and hundreds of thousands of dollars of debt for hundreds of thousands of people. Until Obama cracked down on the practice and regulated the heck out of them.<p>I don&#x27;t understand why libertarians take various institutions, slap &quot;privatize&quot; on them and then assume that things will work out in the end.",1430660609
9481235,comment,9480528,9481089,0,0,dep_b,,,"- Swift uses the same compilers and frameworks<p>- Swift support <i></i><i></i>s in Xcode and if Microsoft doesn&#x27;t watch out their implementation might be miles ahead at their first try<p>- Swift 1.0 was a marketing 1.0, technically maybe a 0.2 release. I hope I don&#x27;t need to touch it again in the next year even though I like the language principally",1430660601
9481234,comment,9479214,9481114,0,0,Matthias247,,,"My comment was not directly about having the ability to mutate or not.<p>It&#x27;s about that this API design causes close coupling between the API and the internal representation of the API. If you change your internal software structure and the data is stored in another way or you choose the make your library concurrent internally where different parts could mutate the vector while the user might request the same data in parallel then returning the slice would no longer be possible. And so you would have to change your external API and all consumers of the API only because you wanted to change internal things.<p>But as I said: Depends on the use-case.",1430660595
9481233,story,,,31,5,privong,"Ninjatel, the hacker cellphone network (2012)",http://robotskirts.com/2012/08/02/ninjatel-the-hacker-cellphone-network/,,1430660586
9481232,comment,9458661,9481195,0,0,fwn,,,"I was confused as well. I wish I could have explained it! Sorry for being snappy in the end.",1430660584
9481231,comment,9481043,9481126,0,0,manigandham,,,"It&#x27;s not a redesign, it&#x27;s a completely new browser built clean and based on EdgeHTML.<p>IE will still be around as a separate browser that can be used in environments it&#x27;s needed but Spartan/Edge is completely new and the way forward for the mainstream users.<p><a href=""http://blogs.msdn.com/b/ie/archive/2015/03/24/updates-from-the-project-spartan-developer-workshop.aspx"" rel=""nofollow"">http://blogs.msdn.com/b/ie/archive/2015/03/24/updates-from-t...</a>",1430660577
9481230,comment,9480976,9481073,0,0,ebiester,,,"Arabic it&#x27;s still quite rough, though, and I wouldn&#x27;t be surprised if other non-western languages were too.",1430660568
9481229,comment,9481043,9481148,0,0,tomjen3,,,"That is because MS is currently putting out a lot of things that we simply didn&#x27;t believe was possible 5 years ago. Suddenly MS is not only relevant again but <i>interesting</i> - heck the technology I am most psyced about (their augmented reality system) is a Microsoft product.",1430660559
9481228,comment,9478674,9478674,0,0,snarfy,,,"I use stimulants myself.  There is no way I&#x27;m daydreaming after three cups of coffee.",1430660558
9481227,comment,9481043,9481222,0,0,arenaninja,,,"This question needs answering for those of us not in the know. Otherwise, somebody will be supporting this version of a browser 11 years from now",1430660557
9481226,comment,9480185,9480957,0,0,Lazare,,,"> The front-end system that Grooveshark built [...] is now jointly owned by the major labels. They cannot possibly be short-sighted enough just to throw that away.<p>Uhhh.  I&#x27;m honestly confused.  Is this sarcasm?  Because if there&#x27;s one thing that major labels have demonstrated, it&#x27;s a willingness to be short-sighted.",1430660554
9481225,comment,9480185,9480185,0,0,FreakyT,,,"It&#x27;s really unfortunate that they were taken down. Sure, there exist paid services like Spotify, but when there&#x27;s only licensable content you miss out on all weird obscure stuff that Grooveshark had, like video game soundtracks, chiptunes, and international music not licensed abroad.<p>If only every one of these large record labels could just instantly go out of business, simultaneously. That would be wonderful...",1430660547
9481224,comment,9481043,9481116,0,0,manigandham,,,"It&#x27;s a complete rebuilt engine called EdgeHTML, it&#x27;s not hosting the old MSHTML engine anymore. IE will still be around as a browser program (with updates) for those who need it (enterprises, etc).",1430660509
9481222,comment,9481043,9481043,0,0,emilsedgh,,,"Will it feature automatic [and silent] updates like Chrome does?<p>Or we will have to maintain websites for each version for several years, like IE?",1430660462
9481221,comment,9458661,9480999,0,0,fwn,,,"Oh, ok. Well, thank you for this clarification!<p>I have to admit that I also did not understand why it was displayed in the way it is. Thank you!
So I guess it&#x27;s all caused by an interface stumbling block we did not realise.",1430660452
9481220,comment,9481043,9481138,0,0,davidlago,,,"As per an article linked in one of the comments here (<a href=""http://www.smashingmagazine.com/2015/01/26/inside-microsofts-new-rendering-engine-project-spartan/"" rel=""nofollow"">http://www.smashingmagazine.com/2015/01/26/inside-microsofts...</a>) it seems as if WebRTC 1.1 will be supported.",1430660437
9481218,comment,9481043,9481043,0,0,arihant,,,"I don&#x27;t know why comments here think it is Metro IE repackaged. It doesn&#x27;t look anything like it (it looks more like Chrome than Metro IE), doesn&#x27;t have the same rendering engine, supports crazy amount of new functionality:<p>1. Google Now styled contextual cards appear as soon as you start typing in address bar to search.<p>2. It does have support for Hubs, probably the best feature of Windows 8.<p>3. Annotations, so many ways of annotations. Not only it is natural, there is actually no easy way to annotate the web in any browser today.<p>4. Reading lists - not new, but new in MS realm.<p>5. Lastly, the hidden weapon - Cortana. It is integrated every-freakin-where in the browser. It is like Siri had sex with Google Now.",1430660383
9481217,comment,9481043,9481194,0,0,icebraining,,,"Not really from scratch, they forked Trident, removed the crap and built from there.",1430660380
9481216,comment,9480528,9481099,0,0,CHY872,,,"The technical reason is probably that Obj-C has multiple stable implementations (which agree almost entirely), the GNU or Clang frontends, which makes it easy to write your own implementation because you can study what those two do (in the worst case; the Obj-C part they could just do by compiling either of those two compilers).<p>With Swift, the compiler is closed source, so you either have to examine the code it produces or the programmers manual, which is legitimately more difficult technically.<p>Then there&#x27;s the fact that the lawyers will have to be all over any Swift implementation, and it gets even harder.<p>None of this would have happened if Clang didn&#x27;t exist :P The whole reason that Microsoft can do this project now is because Clang didn&#x27;t exist when Apple/NeXT started development on Obj-C.",1430660306
9481215,comment,9481017,9481017,0,0,netman21,,,"I used to do this when I was an executive at a software firm in Boulder, Colorado. I maintained a home in another state but commuted to Boulder every week. For a while I had a great deal on a shared condo but when the owner sold it I was faced with staying in hotels or... sleeping in my cubicle under the desk. There was a shower for employees so I would just get up early and be ready to go by 6 am. No one ever discovered me in my sleeping bag.",1430660301
9481214,comment,9480949,9480949,0,0,yk,,,"It should be possible to link to individual pages. ( So that one can show where the opening line of <i>Neuromancer</i> or the first paragraph of <i>The Library of Babel</i> is located.) But otherwise really cool.",1430660271
9481213,comment,9480390,9481174,0,0,hammock,,,"They are called the same in English: bedroom town.",1430660230
9481212,comment,9481074,9481185,0,0,agumonkey,,,"I felt the same. People differ in the way they interact with systems and logic. I certainly disliked being fed the Java way rigidly. I actually learned more about basic OOP by simulating it in ADA. Some people like to understand by building. But it&#x27;s also valuable to understand an abstraction outside of any implementation. In the end it&#x27;s better to have done both. And I feel strongly that to understand programming, one must write an interpreter and a compiler, so you can reason about the different abstraction levels clearly, without blind spots or dark magic.",1430660179
9481211,story,,,81,74,oskarth,"Simplify: move code into database functions",https://sivers.org/pg,,1430660147
9481210,comment,9480390,9480764,0,0,vinceguidry,,,"> I doubt you&#x27;ll hear a lot about &quot;peak car&quot; outside these small groups or areas.<p>On the contrary, I think the prosperity evident in rural areas that can afford high ratios of car ownership is itself a small, self-selecting group of very well-off countries. If you broaden your view to the rest of the world, peak car doesn&#x27;t look so silly after all.<p>A car is a much bigger investment in the developing world than it is in developed nations. Technology will enable more and more people in these nations to get more and more of their life done without the need to own an automobile.<p>We may see a saturation profile in the small part of the world where cars are both small investments and big conveniences, and a peak profile everywhere else. Which is, on the whole, a peak profile.",1430660104
9481209,comment,9479657,9480328,0,0,avinassh,,,"The design (icons, graphics, screenshots) all look really nice. if you did all of that by yourself, then kudos!",1430660093
9481208,comment,9479281,9479281,0,0,codegeek,,,"The entire medical bill and insurance system is insane. I say this after going through 2 pregnancies (with my wife) and now with 2 young kids.<p>The process is that you go to the doctor, they will NOT tell you how much it costs out of pocket because that amount is probably insane anyway but you need insurance to &quot;bill&quot; that insane amount to the insurance company. The doctor will send say $1000 bill to insurance company for a simple checkup (yes, it can be that bad). THe insurance company then will say &quot;no no sir, we only allow $200 for this specific item&quot;. Then insurance company will figure out how much you the patient ius supposed to pay out of that $200 (copay, co-insurance etc) and THEN they will pay the remainder to the doctor.<p>See the issue here ? The price of a simple checkup is inflated from $200 (we can argue on this too) to $1000. This $1000 is just to scare you but really does not mean shit.<p>Imagine that the doctor could bill you that $200 directly anyway or whatever amount they eventually get from insurance company. It will save their time, your time, their staff hours and probably save more for them in terms of resource usage.<p>What we need is a system where not everything goes through insurance. This scare of having mandatory insurance is the root cause. Doctors/hospitals need to have transparent pricing just like other businesses and insurance should only bee needed for really catastrophic events like cancer, major accident etc.<p>I would much rather pay $200 to a couple of visits instead of paying insrance $1000/month just to &quot;insure&quot; myself.",1430660088
9481207,comment,9479679,9480343,0,0,ghshephard,,,"iMac can outperform the Mac Pro on single threaded tasks.",1430660086
9481206,comment,9479089,9479089,0,0,atomical,,,"Steel Series Sensei.  Once you can precisely tune the speed and acceleration of a mouse it&#x27;s really hard to go back.  Also, some of the wireless mice have noticeable lag.",1430660069
9481205,comment,9473653,9480500,0,0,beagle3,,,"Thanks. I&#x27;m sure there&#x27;s a way to promote a compile time seq into a constant runtime one. Might require some more macro trickery, though.",1430660029
9481204,comment,9480988,9481118,0,0,samsolomon,,,"I don&#x27;t think this is entirely true.<p>Y-Combinator uses Hacker News as a vehicle to attract the best technology talent in the world and display job openings to that talent. I love HN and have no issues with YC doing that, but let&#x27;s not pretend that it is entirely altruistic.",1430660014
9481203,comment,9479679,9480830,0,0,ghshephard,,,"Activity monitor shows you Disk, Network, and CPU activity, and is a good first place to see if anything is going awry when your system is acting up.<p>I&#x27;m interested in how you might use fs_usage?  It actually is a new utility to me, and when I turn it with fs_usage -e iTerm - I get a <i>lot</i> of activity, on a basically idle system.   (At least one that Activity Monitor/ioStat shows as idle).",1430659994
9481202,comment,9481043,9481187,0,0,icebraining,,,"That still sounds like Microsoft to me.",1430659974
9481200,comment,9481043,9481193,0,0,icebraining,,,"Why would they need it?",1430659913
9481199,comment,9478558,9481130,0,0,dwiel,,,"do you have any sources?  I would be interested to read more.",1430659909
9481198,comment,9479642,9479642,0,0,ExpiredLink,,,"Science becomes most interesting when scientists hit the limits of their science and then try to overcome them.",1430659904
9481197,story,,,67,56,kirang1989,"The Strange Inevitability of Evolution",http://nautil.us/issue/20/creativity/the-strange-inevitability-of-evolution,,1430659903
9481196,comment,9479303,9480365,0,0,crimsoneer,,,"There are real benefits to a large, centralised police force - around things like training, oversight, kit issue, etc.  The US really suffers, IMO, from having hundreds of small forces, compared to the UK.",1430659902
9481195,comment,9458661,9480979,0,0,DonHopkins,,,"Ok, your explanation makes sense. I&#x27;m sorry, fwn. The way the &quot;[deleted]&quot; was indented at the same level flush with the message it was a reply to made me think that it was about the message at the same indentation, not about a sub-message that had been deleted. I remember seeing the original message but it was deleted before I could reply, and I couldn&#x27;t reply to yours directly either, so I assumed showdead handled moderator deleted messages the same way as user deleted messages, and you&#x27;d edited it then deleted it after it was downvoted. It was my fault, I&#x27;m sorry, and I won&#x27;t make that mistake again.",1430659876
9481194,comment,9481043,9481112,0,0,egeozcan,,,"Wow. Why aren&#x27;t they marketing this? Creating a browser from scratch, considering the current state of web technologies is a huge undertaking. I always thought it&#x27;s just a re-skinned IE with some touch features.",1430659847
9481193,comment,9481043,9481043,0,0,klunger,,,"I think the annotations feature is really interesting! But how can they implement this without the permission of the original website providers?",1430659832
9481192,comment,9480528,9480528,0,0,paulojreis,,,"While technically interesting (assuming they ported iOS frameworks), it&#x27;s no more than a hack, UI-wise. It prompts developers to consider the UI as an afterthought; just &quot;trust&quot; Microsoft&#x27;s <i>adaptation</i> of another platform layout, add &quot;minimal changes&quot; and presto: UI work is done.<p>It&#x27;s a sad route to follow, if you truly care about your users.",1430659826
9481191,comment,9481078,9481161,0,0,andornaut,,,"I haven&#x27;t used Owncloud myself, but judging by the docs on ArchWiki, it appears that Owncloud is served by a web server such as Apache or Nginx. If that&#x27;s the case, then you would just need to mount your media directory to a web-accessible location and then enable automatic directory indexes.<p>More info:<p><a href=""https://wiki.apache.org/httpd/DirectoryListings#Directory_Listings"" rel=""nofollow"">https://wiki.apache.org/httpd/DirectoryListings#Directory_Li...</a><p><a href=""http://nginx.org/en/docs/http/ngx_http_autoindex_module.html"" rel=""nofollow"">http://nginx.org/en/docs/http/ngx_http_autoindex_module.html</a>",1430659810
9481190,comment,9480976,9480976,0,0,stefanix,,,"&quot;only 27% of internet users are English-speaking.&quot;<p>This metric has probably less meaning than it seems . How many of them are multi-lingual. What level of English-proficiency makes somebody English-speaking? What percentage of purchasing power is within users with English skills? What is the trend of English skills in young internet users?",1430659804
9481189,story,,,1,0,timakin,"TechStack: Subscribe tech headlines from terminal",https://github.com/timakin/ts,,1430659799
9481188,comment,9480988,9481163,0,0,icebraining,,,"Brandalism seems to include subvertising, but not just.",1430659794
9481187,comment,9481043,9481178,0,0,nabaraz,,,"1.flooding market<p>2. stagnant platform<p>3. not  proper direction<p>4. rushed release<p>5. longer and less transparent updates<p>etc.",1430659786
9481186,story,,,93,35,mxhold,"Consider Static Typing in Ruby",http://codon.com/consider-static-typing,,1430659784
9481185,comment,9481074,9481074,0,0,delish,,,"Just a little comment: Kay&#x27;s mentioning various meta-things reminds me that I have The Art of the Metaobject Protocol (which Kay called &quot;the best OOP book in ten years,&quot; and I should read it.<p>And another little comment as regards Kay&#x27;s &quot;complaining&quot; that Smalltalk had become &quot;something to be learned&quot;: I very much failed to learn computer science from high school Java, where classes, methods, encapsulation etc were treated as things-to-be-learned. I didn&#x27;t know that I /could/ care about how they were put in place or why.<p>If I had been taught that everything in a meta-system can be changed when you structure your changes, I would have been a happier camper--motivated by autonomy and purpose.",1430659746
9481184,comment,9479942,9479942,0,0,sonabinu,,,"Amazing story! It is a great feeling when people take your work seriously.",1430659715
9481183,comment,9480976,9480976,0,0,ddebernardy,,,"The problem is you need the requisite staff to handle support requests in a foreign language, and the logistics in place to ship across the world. That doesn&#x27;t happen overnight.",1430659712
9481182,comment,9479642,9479642,0,0,WallWextra,,,"So, what have they got so far? Do they even have Newtonian physics expressed in their new language?",1430659678
9481181,comment,9480988,9480988,0,0,emsy,,,"Relevant: <a href=""http://zenpencils.com/comic/155-banksy-taking-the-piss-explicit/"" rel=""nofollow"">http://zenpencils.com/comic/155-banksy-taking-the-piss-expli...</a>",1430659668
9481180,comment,9479275,9480797,0,0,bjelkeman-again,,,"A shame, I think the novel was more entertaining than the plot summary. But then I didnt know the outcome.",1430659630
9481179,story,,,65,35,crawshaw,"Rapidly falling costs of battery packs for electric vehicles",http://www.nature.com/nclimate/journal/v5/n4/full/nclimate2564.html,,1430659598
9481178,comment,9481043,9481169,0,0,Rainymood,,,"Why exactly? Mind elaborating some on that statement? Because I disagree.",1430659575
9481177,comment,9480325,9480915,0,0,jekrb,,,"Are you saying that sites that don&#x27;t provide a positive experience across screen sizes shouldn&#x27;t worry? Because browsers aren&#x27;t supposed to do anything besides present information?",1430659570
9481176,story,,,1,0,afshinmeh,"Block scope variable – ECMAScript 6",http://afshinm.name/block-scope-variable-ecmascript-6,,1430659567
9481175,story,,,22,1,stargrave,"GoVPN 3.0 release with EKE replaced by A-EKE",https://lists.cypherpunks.ru/pipermail/govpn-devel/2015-May/000006.html,,1430659556
9481174,comment,9480390,9480938,0,0,hibikir,,,"You are talking about something that has very little to do with the population density and zoning of an American midwestern suburb: What we mean is something like this, where having no car makes you a second class citizen.<p><a href=""https://goo.gl/maps/U5qhh"" rel=""nofollow"">https://goo.gl/maps/U5qhh</a><p>What you call a suburb is more like what in Spain are called &#x27;ciudades dormitorio&#x27;: Small towns with a much higher population density than the american suburb, and that have good communications with downtown. People live less than a mile away from a train station that drops them in a public transportation hub in downtown Madrid. It&#x27;s still a suburb, but it has absolutely nothing to do with what an American describes.",1430659522
9481173,comment,9478671,9478930,0,0,zerr,,,"Also, lets not forget that patio11 made those figures while doing the work he didn&#x27;t enjoy, and this would be even more non-enjoyable for more hardcore engineers here. We love making money with programming, not by marketing.",1430659436
9481172,comment,9481043,9481152,0,0,elinchrome,,,"After the recent activity with Code and Roslyn, I was hoping for MacOS and Linux download links too. That would be sweet. I&#x27;d love to use IE on my macbook and my Mint box.",1430659426
9481171,comment,9480390,9480997,0,0,VLM,,,"Note the careful editing to not show numerous historical examples where pre-90 or so, any negative fluctuation was a statistical fluke or a short term downterm, promptly made up.  So pre-90 or so, it was always correct to extend the trendline at the average growth line.<p>Admitting the party is over would offend very powerful monied interests.  Follow the money... a lot of money is made building and selling exurbs, and a minor secondary industry is going to have political problems stating the high level policy change of &quot;the party is over&quot;.  A mayor, governor, president needs to state the policy change before the pothole filler is permitted to observe it.  You see this phenomena in economic figures and in the meta selection of economic figures (the Dow, the unemployment rate, the GDP, the .gov inflation rate all used to &quot;mean something&quot; to the lifestyle of the general population.  Not so any more, they are meaningless now in practice.)",1430659397
9481170,comment,9481043,9481043,0,0,snarfy,,,"If it has no legacy code base, is it still tied to the OS like IE was?  Can I uninstall Microsoft Edge like any other app?",1430659387
9481169,comment,9481043,9481148,0,0,tszming,,,"IMO, Microsoft is becoming the new Google; Google is becoming the old Microsoft, how funny is it..",1430659384
9481168,comment,9479275,9481092,0,0,sumedh,,,"You are comparing apples to oranges, the ocean is a really big place. All the tech is useless if it cannot transmit the data to the satellite.",1430659379
9481167,story,,,1,0,reddotX,"Erle-Copter Ubuntu Core drone",https://erlerobotics.com/blog/product/erle-copter-ubuntu/,,1430659343
9481166,comment,9480390,9480390,0,0,lukaslalinsky,,,"I use my car almost exclusively for long distance trips, so it stays parked near my home most of the time. But I still want it parked there, because I can decide at any time to make a trip and just go. Not worry about rental pickup/return times, reservations, mileage limits, etc. I was getting a new car last year and there was about a month after I sold my old one and before I got the new one. Almost immediately after selling the old car I felt like one of my freedoms was taken from me.",1430659334
9481165,comment,9481043,9481043,0,0,zhte415,,,"ICQ had a feature for writing on websites, and even chatting with others visiting the same webpage.  That was around 1998.  It didn&#x27;t work out, despite the penetration of ICQ at the time.",1430659308
9481164,comment,9481043,9481126,0,0,fishfacemcgee,,,"It is IE12 with non of the legacy IE support. Their talk of update speed suggests it&#x27;ll resemble Chrome and Firefox in terms of updates.",1430659263
9481163,comment,9480988,9481134,0,0,vezzy-fnord,,,"We&#x27;ve had a much better neologism for jamming advertising logos and symbols for a while already - &quot;subvertising&quot;.",1430659262
9481162,comment,9480390,9481066,0,0,manmal,,,"No gym because you cycle, or because it&#x27;s easy?",1430659262
9481161,comment,9481078,9481078,0,0,uberneo,,,"Can it be used with Owncloud?",1430659256
9481160,comment,9479214,9480271,0,0,steveklabnik,,,"I care a lot about figuring out how to teach people like you to use Rust. I&#x27;ve primarily worked in Ruby for the past several years, but I did have that degree, and C was my second language. So it&#x27;s a bit harder for me, as I had my &#x27;aha&#x27; moment with a lot of this stuff quite a while back.<p>I&#x27;m hoping as time goes on to include more stuff in the docs that&#x27;s about generic systems stuff, rather than 100% Rust specific, exactly for this reason. The stack & heap chapter of the book (which is upcoming) is part of that. But, I gotta finish off the Rust-specific stuff first...<p>I agree with wycats: Rust is going to bring systems programming to a lot of people who haven&#x27;t done systems programming before, just like Node brought a whole new group of people to server-side code. It&#x27;s our job to give you the support you need to be successful at it.",1430659242
9481158,comment,9471287,9471399,0,0,zerr,,,"While we more or less know the compensation situation for US, it would be helpful to state salary ranges for such places as Spain.",1430659210
9481157,story,,,1,0,samsolomon,"When Snuggies Lie",http://www.theatlantic.com/business/archive/2015/03/snuggie-maker-pays-8-million-for-deceiving-customers-ftc/387139/?single_page=true,,1430659200
9481155,comment,9481043,9481043,0,0,tbrock,,,"> Tell us what you think.<p>I think it should be standards compliant in every conceivable way.",1430659179
9481154,comment,9481043,9481137,0,0,fishfacemcgee,,,"Not entirely. Metro IE browser was still using the base IE11 rendering engine at its core. Microsoft Edge has a new rendering engine without all of the legacy support nonsense. <a href=""http://www.smashingmagazine.com/2015/01/26/inside-microsofts-new-rendering-engine-project-spartan/"" rel=""nofollow"">http://www.smashingmagazine.com/2015/01/26/inside-microsofts...</a>",1430659177
9481153,comment,9481043,9481148,0,0,bliker,,,"It’s almost like during Apple events",1430659172
9481152,comment,9481043,9481043,0,0,FreakyT,,,"I&#x27;m still hoping that they&#x27;ll release this for Mac OS (more competition for cross platform browsers would be a good thing!)<p>But so far it doesn&#x27;t seem like that&#x27;s on the table...",1430659167
9481151,comment,9478544,9480252,0,0,hans_mueller,,,"Well, Italians aren&#x27;t just very patient at organising - so police will deal with those situations more impulsively:<p>&quot;Once arrested, protesters, including five Britons, were taken to a police barracks where they were beaten again, sprayed with asphyxiating gas, threatened with rape and forced to sing fascist-era songs.&quot;<p><a href=""http://www.theguardian.com/world/2012/feb/12/night-police-beat-g8-protesters"" rel=""nofollow"">http://www.theguardian.com/world/2012/feb/12/night-police-be...</a>",1430659167
9481150,comment,9480250,9480250,0,0,lightlyused,,,"Is that a shower head and a toilet?",1430659142
9481149,comment,9480528,9481099,0,0,MikusR,,,"It seems to be in the works as during the Build talk there was a &quot;suit&quot; that kept saying &quot;no comments&quot; when asked about Swift.",1430659134
9481148,comment,9481043,9481043,0,0,valevk,,,"Microsoft is becoming the new Golang of HN. As soon as a story appears mentioning it, it&#x27;s on the frontpage.",1430659122
9481147,comment,9477747,9481076,0,0,McDoku,,,"Part of the real issue is identity politics and the black box thinking it generated.<p>Rethorical devices would still maintain the greatest power. You don&#x27;t need information just conviction and resources.",1430659095
9481145,story,,,2,0,imarihantnahata,"Microsoft Project Oxford",https://www.projectoxford.ai,,1430659073
9481144,comment,9474601,9474601,0,0,ekr,,,"I&#x27;m still using a 2009 HP 6910p (Core 2 Duo T7300 CPU) bought used for 120E in 2012 or thereabouts. I use it for C (mostly, but also py, haskell etc) programming, Arch Linux + i3 WM, it has a great keyboard, everything works out of the box.<p>There are very few things a modern laptop would bring me that this one doesn&#x27;t.<p>At home I have a much more capable development desktop, and at work an even better (i7 4790) computer. But the thing is, apart from the lower power consumption (from 20W-30W regular usage down to 10-20W, depending on the configuration), there&#x27;s no point in upgrading for me.<p>I&#x27;m still a student, so I&#x27;m still playing occasionally with things like OpenGl shaders, game programming, machine learning, and other orthogonal areas of computer science, for that I use my desktop. I don&#x27;t think a laptop is that great for working (sub-optimal posture).<p>But sure, there are people who need bigger screens/ more horsepower (high-performance computing/ those coding in memory hogging environments).<p>But for Linux, and low-level programming, a slightly older machine definitely suffices.<p>Granted, I live in a part of the world where one can live reasonably for a few months-up to a whole year for the price of a rMbp, and I value financial independence, freedom, more than the status signaling ability a Mbp could bring, but I do see why others might value it more.",1430659063
9481143,comment,9480528,9480528,0,0,jonhohle,,,"Haven&#x27;t we seen this before? It was called J++ and was part of the embrace, extend, extinguish campaign.<p>I&#x27;m shocked at some of the comments, which seem identical to the sentiment 20 years ago. This isn&#x27;t a different Microsoft, if anything, this is a return to their old playbook.",1430659056
9481142,comment,9480949,9481085,0,0,klunger,,,"Yes, quite right, I should have included some context. Here we go:<p><a href=""http://en.wikipedia.org/wiki/The_Library_of_Babel"" rel=""nofollow"">http://en.wikipedia.org/wiki/The_Library_of_Babel</a><p>Original text, translated into English:
<a href=""http://hyperdiscordia.crywalt.com/library_of_babel.html"" rel=""nofollow"">http://hyperdiscordia.crywalt.com/library_of_babel.html</a>",1430659050
9481141,comment,9479281,9481103,0,0,maxerickson,,,"It was in network. I don&#x27;t believe it though. I did say I was speculating, because I don&#x27;t have any evidence. I would love to see what they actually pay, assertions that they must pay the allowed amount don&#x27;t really make me any less skeptical about it.",1430659030
9481140,comment,9479275,9480836,0,0,simonh,,,"If there are aliens out there yes, they most likely didn&#x27;t just happen to develop a civilisation at the same time as us, and so are likely to have been around a long time. I don&#x27;t think that means they&#x27;re likely to have even reached a neighbouring star yet, other than perhaps a flyby probe, let alone colonised the galaxy. Interstellar travel is just too many orders of magnitude too hard to be practical, and even if you manage it all it takes is one GRB and your whole civilization is toast anyway. I suspect that within about a thousand years we&#x27;ll pretty much top out technologically. Once we know everything these is to know about the physical universe, we&#x27;ll start hitting the limits of what is possible with the physical elements and forms of energy available in our universe. Then we&#x27;ll start hitting the limits of what&#x27;s possible with the actual materials and sources of energy in our solar system, and face some hard choices about what we do with them.",1430658960
9481139,comment,9481017,9481017,0,0,bgroins,,,"The main problem I see that led to this situation is the author picking one of the most expensive places in LA to live, Venice Beach. The author could have chosen a much less expensive (but less glamorous) area, say in Koreatown or somewhere else inland. There are lower rent areas in LA, you just need to compromise your lifestyle a bit.",1430658940
9481138,comment,9481043,9481043,0,0,0x006A,,,"does it support WebRTC?",1430658931
9481136,comment,9478674,9480359,0,0,hliyan,,,"I disagree. I think the idea is not to eliminate daydreaming, but to remedy those who do it excessively (I have been one of these when I was younger). Once you&#x27;ve got the problem under control, you should discontinue use.<p>As for your second point, sometimes it <i>is</i> the brain&#x27;s fault. It may not be severe enough to be a disorder, but individuals differ in their ability to concentrate.<p>But I understand what you mean -- there are a lot of distraction creators in the modern world (smartphones being on top, IMO). Using a device without addressing those is not the best way to go.",1430658910
9481135,comment,9481043,9481043,0,0,dmak,,,"Well, I dont know what I expected, but this is incredibly underwhelming.",1430658909
9481134,comment,9480988,9481108,0,0,icebraining,,,"Brandalism seems to be a specific project of culture jamming, not a new word for the existing concept.",1430658874
9481133,comment,9478652,9479165,0,0,rsp1984,,,"Cool, would you sell me the rights to it for, say, 1000 bucks? :-)<p>Serioulsy though, no offense, but I don&#x27;t think you could build one of these, nor do I think that anybody else on the planet could at this point. Of course it&#x27;s all a matter of definition, i.e. what is the input and what is the desired output.<p>A &quot;real&quot; Paper Clip Factory Factory would probably require human like intelligence. A law-understanding machine would probably <i>only</i> require some very advanced learning algorithm. I feel we&#x27;ll reach the latter first.",1430658853
9481132,comment,9471643,9481007,0,0,joepie91_,,,"> For a lot of web pages this is true, but what about sites like restaurant webpages? They have very few actual pages on their site, and they don&#x27;t change depending on who is making the request. If I request the site over HTTPS, anybody that is sniffing my traffic will know that I&#x27;m visiting that domain and thus can request the content themselves. The encryption here is not providing anything.<p>The value of encryption as a whole increases when <i>everything</i> is encrypted, because it is harder for an adversary to distinguish &quot;important&quot; traffic from &quot;unimportant traffic&quot;. It may not matter for that domain alone, but it certainly matters in the bigger picture. It significantly increases adversary cost.<p>> If you are sending/receiving personalized data, e.g. logins, search requests, etc., then you should be encrypting the requests. You would still be encrypting huge amounts of data for no reason, the CSS and static images used on the site are not being transmitted with or based on any personalized data, so any sniffer will already know that these resources would have been downloaded by you anyway (and I don&#x27;t care if an attacker sees the CSS of a page I&#x27;m looking at anyway). Requesting these static resources over plain HTTP, but authenticated via hashes or signatures, doesn&#x27;t provide an attacker with any information they wouldn&#x27;t already have.<p>False. Assets can leak very easily, disclosing what content you are looking at. Just identify which assets are not loaded on <i>every</i> page.<p>> And yet Tor is the only way to actually protect against sniffers tracking which domains you visit. If we really care about encrypting all the content - including non-personalized, static content - then I don&#x27;t see why we wouldn&#x27;t also care about protecting the domains we visit.<p>It&#x27;s not. The exit node still sees your traffic - and this is also why routing everything over Tor is a terrible idea (and incidentally, the same reason devices like the Anonabox are fundamentally broken). If you tunnel personally identifying traffic along with &quot;anonymous&quot; traffic, you&#x27;re &quot;contaminating&quot; the anonymous traffic with your identity.<p>> I totally agree with this. However I think I come to a different conclusion. [...]<p>Saying that TLS is &quot;not entirely useless&quot; is a very poor argument for not working on making it better.<p>The &quot;different levels&quot; you suggest are pretty much already implemented as such, except there is no &quot;authenticate but don&#x27;t encrypt&quot; level, because it&#x27;s not a useful or desirable level to have.",1430658817
9481131,comment,9479818,9480740,0,0,brianbreslin,,,"There is a chrome extension that does this <a href=""https://chrome.google.com/webstore/detail/momentum/laookkfknpbbblfpciffpaejjkokdgca?hl=en"" rel=""nofollow"">https://chrome.google.com/webstore/detail/momentum/laookkfkn...</a>",1430658729
9481130,comment,9478558,9478558,0,0,wtbob,,,"And the KGB was funding the counterculture movement in order to destabilise the West.",1430658705
9481129,comment,9477667,9478252,0,0,buyx,,,"My blood pressure hits 150/90 somewhat regularly (the local gym had an automated cuff which I use to measure it). When I was about 29 I was concerned enough to ask the specialist physician who I see for an unrelated chronic condition. He was concerned enough by my readings to order a 24 hour blood pressure study. He didn&#x27;t start me on any drugs when the 24 hour study showed that my BP dropped overnight. Indeed, my medical aid (Heath insurance) also has a fairly high threshold for funding BP meds as a chronic condition. I still see the doctor regularly, and although my BP has not dropped below 140/90 on any occasion that he has seen me he considers it normal (I think he regards it as &quot;white coat hypertension&quot;).<p>It seems that doctors in South Africs have a fairly high threshold for prescribing medications for blood pressure to younger people. The contrast with your case in the U.S., where the doctor started you on BP meds immediately is quite striking.",1430658667
9481128,comment,9478544,9478544,0,0,puppetmaster3,,,"For the data driven types, here is some data from the Economist:<p><a href=""http://twitter.com/TheEconomist/status/594593671661641728"" rel=""nofollow"">http://twitter.com/TheEconomist/status/594593671661641728</a>",1430658647
9481127,comment,9480976,9480976,0,0,mavdi,,,"Obviously even a kebab shop would benefit from a multilingual website. The question is priorities, and with start ups there is heck of a lot to do before you can think of your potential non-English speaking Chinese customers.",1430658597
9481126,comment,9481043,9481116,0,0,Touche,,,"> It&#x27;s a fork of the underlying MSHTML engine, that adds some new standard support<p>There&#x27;s always new standards, so of course there is new standard support, just as IE is getting new standard support.<p>Effectively it is a redesign and rebranding of IE. Nothing wrong with that, but let&#x27;s call a spade a spade.",1430658565
9481125,comment,9480390,9480875,0,0,VLM,,,"Some of the confusion is primary and secondary effects.<p>All finite resources in a growing economy have a similar shaped (plus or minus technology) peak.  So that&#x27;s phosphate rock fertilizer, oil, various grades of coal (anthracite is basically gone already).  You can also peak infinite / renewable resources like northern atlantic cod which are basically extinct now.  Or buffalo, etc.  Its interestingly fractal in that the smaller graphs of small producers look the same as graphs for other small producers and the overall system-wide graph.  So the graph of Texas oil which peaked in the early 70s looks about like Mexico&#x27;s graph looks like the world graph, all peaking at different dates, which is interesting.<p>As a secondary effect once you peak fertilizer and oil production, the secondary industries will peak.  Refineries obviously follow oil production.  But, modern industrial ag is heavily dependent on chemical fertilizer (which will peak) and oil (fuel, sprays, simple transport...)<p>Colloquially &quot;peak&quot; seems to be confused (intentionally, by some?) with short term downward market fluctuations.  So obviously they&#x27;ll never, ever be a peak in oil production because the market cost fluctuated downward recently for a short period of time, LOL.<p>For cars you need oil and iron, both of which you can eventually use up, so aside from all other arguments its possible.  But a cultural or economic shift can mask that.  So the wikipedia article is full of weird assertions that increasing the average GDP per capita must result in increased miles traveled because income inequality doesn&#x27;t exist (LOL).  Locally decreasing the number of &quot;can afford a car&quot; jobs from 2 million to 1.5 million will dramatically decrease road traffic, even if the average income for the area explodes because the 1% are richer than ever because its not like they&#x27;re going to drive extra miles to celebrate.<p>For literacy there doesn&#x27;t seem to be an inherent finite resource we can use up to eliminate literacy.  So traditional logistical peak doesn&#x27;t seem possible.  In the colloquial sense of peak meaning &quot;a short term downturn&quot; that is pretty trivial.<p>So you&#x27;ve listed all three possibilities, a finite resource that can peak, a secondary industry that depends on peakable finite resources, and something that can&#x27;t possibly have a logistical peak because there is no finite resource to exhaust.",1430658510
9481124,comment,9478876,9478876,0,0,jacques_chester,,,"The &quot;X-factor&quot; for small schools might be that they&#x27;re small schools.<p>Small sample sizes mean higher variability. Large student populations will regress to the mean.",1430658494
9481123,comment,9479281,9479281,0,0,venomsnake,,,"> 1. 25030731 HC RT OXYGEN DAILY CHARGE — $2,132.25.”;<p>>The supplemental oxygen delivered into the nose after surgery, a routine precaution at many hospitals.<p>What is wrong with US healthcare in one sentence. two thousand dollars for oxygen is beyond ludicrous. There is no way this cost could be justified.",1430658424
9481122,comment,9478674,9480194,0,0,dalek_cannes,,,"No, he is being sarcastic. I believe that counts as <i>gratuitous negativity</i>: <a href=""https://news.ycombinator.com/newsguidelines.html"" rel=""nofollow"">https://news.ycombinator.com/newsguidelines.html</a>",1430658392
9481121,comment,9477014,9480953,0,0,yiyus,,,"True. I agree it could be better if omitting the check looked like the exception and not the other way around. You could also argue that encoding non-presence on the type is more powerful/elegant/whatever than multiple return values. But what I wanted to point out is that the problem is not that &quot;Go indicate[s] this error case with a return of zero&quot;. The language has an easy way to check this and he ignored it (he eventually used comma-ok in his code, although he makes the check first and the assignment later in different operations for no apparent reason).",1430658387
9481120,comment,9477747,9478823,0,0,Confusion,,,"&#x27;Money&#x27; does not necessarily mean the same thing you&#x27;re currently using daily. You could also simply be dealt a finite amount of &#x27;voting tokens&#x27; per time unit.",1430658376
9481119,comment,9481043,9481101,0,0,__Joker,,,"Not sure about IE plugins but it supports the plugin&#x27;s from Firefox and Chrome[1]. Technical details would be interesting, but migrating would be little frictionless, if anybody want to try the Edge.<p>[1]. <a href=""http://www.theverge.com/2015/4/29/8515771/microsofts-edge-browser-supports-chrome-and-firefox-extensions"" rel=""nofollow"">http://www.theverge.com/2015/4/29/8515771/microsofts-edge-br...</a>",1430658344
9481118,comment,9480988,9480988,0,0,cies,,,"Let me take this opportunity to say: Thanks YC for keeping HN ad-free!<p>So even when I occasionally read it from a browser w/o an ad-blocker installed, I still enjoy the content in peace.",1430658322
9481117,comment,9480988,9480988,0,0,kaiku,,,"> &quot;Public space is an arena in which no single authority should reign and multiple voices should be heard, so we started from a profoundly democratic conviction that the public sphere is a place for communication, a place where people can speak, establish their presence, and assert their rights.&quot;<p>As we spend more time buried in mobile phones and other screens, our eyes and hands in intimate connection with these devices, I wonder how the artists would examine &quot;private&quot; spaces like those. Could advertisements – which demand attention and energy, even without active mental application – more damaging in this smaller sphere than in the public one?<p>I like the idea of and motivation behind reclaiming of public space. The artists nod toward property ownership and the &quot;rights&quot; of advertisers, following it with, &quot;no, thank you.&quot;",1430658309
9481116,comment,9481043,9481068,0,0,quonn,,,"It&#x27;s a fork of the underlying MSHTML engine, that adds some new standard support and more importantly throws out the old compatibility modes and other legacy.<p>It will run in parallel to IE, which is here to stay for enterprise customers.",1430658291
9481115,comment,9478652,9479233,0,0,rsp1984,,,"Yes it is my first exposure to this thought experiment and I do not have trouble understanding the thought experiment. I am just going ahead and applying some common sense and logic, to conclude that the argument is pretty much entirely theoretical.<p>Yes, optimizing only for maximum number of paper clips could potentially have some bad side effects, I get that. If that&#x27;s the point of the thought experiment, fine. However that&#x27;s not how the author of the blog post put it: He expressed concern that this could happen in real life, in the future. And I don&#x27;t  think it could.<p>Why? Because in real life we&#x27;d not invent a super intelligent machine and then feed it with some objective function to maximize and then let it do its thing, watch it go out of control and destroy earth. In real life we&#x27;d make sure we&#x27;re in control over that machine. In real life we&#x27;d make sure we put very clear and enforceable mechanisms into that machine to stop it from doing anything harmful in the first place while it is carrying out steps to reach its objective. In real life should we still see it doing something funny we pull the plug. End of story.<p>In addition: Implementing above mentioned mechanisms is probably the easier part of the whole exercise. The hard bit is inventing a machine that can build a paper clip factory. If we can invent such a machine by then we certainly have also invented mechanisms to control that machine and only have it do &quot;good&quot; stuff.",1430658262
9481114,comment,9479214,9480933,0,0,Manishearth,,,"Generally external APIs which return pointers will be only to get views into the internal data. And you can return an `&mut` pointer if you want others to be able to mutate it, if possible (as in, if the borrow checker accepts it). If not possible, then you don&#x27;t want to do that anyway, unless you redesign the internals.<p>Generally to add mutation you might add another method in the situation you describe, but I can&#x27;t think of such a situation coming up in a well-designed Rust API. (You&#x27;re treating the API as if it would be designed the C++ way -- it wouldn&#x27;t)<p>FWIW most libraries <i>do</i> use a COW type in many places to get this flexibility. But in most situations you can just return mutable or immutable slices.",1430658209
9481113,comment,9479370,9480352,0,0,wtbob,,,"Cream rises to the top. Due to their refugee status, they had no money — but they had the habits which lead to success: discipline, follow-through, networking. They made the best of a very bad lot.",1430658098
9481112,comment,9481043,9481101,0,0,kuschku,,,"It doesn’t support any old IE plugins, it contains none of the IE/7/8/9/10 codebase, but instead is based on only the newly written parts of IE11, and it supports Firefox and Chrome addons.",1430658085
9481111,comment,9480976,9480976,0,0,trevelyan,,,"This is dead wrong. Until you have business in the language of your primary customers you shouldn&#x27;t even THINK about less understood markets.",1430658084
9481110,comment,9480390,9481087,0,0,ChuckMcM,,,"I was thinking this as well. Car use seems to grow with industrialization and spread, then apparently shrinks with automation and urbanization. And if you look at the population that is entering into more general industrialization you see growing market for cars.",1430658075
9481109,comment,9480988,9480988,0,0,boot13,,,"Leela: Didn&#x27;t you have ads in the 21st century?&quot;<p>Fry: Well sure, but not in our dreams. Only on TV and radio, and in magazines, and movies, and at ball games... and on buses and milk cartons and t-shirts, and bananas and written on the sky. But not in dreams, no siree.",1430658051
9481108,comment,9480988,9480988,0,0,l33tbro,,,"How is &quot;brandalism&quot; anything but &quot;culture jamming&quot; rebranded?  The rhetoric here reads like the same undergraduate and naive ideas my friends and I used to espouse before we scaled billboards and defaced their images 15 years ago dressed as workers.<p>I&#x27;m not knocking their idealism for a minute (frankly, our culture need less cynicism these days), but let&#x27;s not kid ourselves about these ideas being even remotely progressive.",1430658036
